##FastQC	0.12.1
>>Basic Statistics	pass
#Measure	Value
Filename	SRR622457_2.fastq.gz
File type	Conventional base calls
Encoding	Sanger / Illumina 1.9
Total Sequences	2500000
Total Bases	252.5 Mbp
Sequences flagged as poor quality	0
Sequence length	101
%GC	49
>>END_MODULE
>>Per base sequence quality	pass
#Base	Mean	Median	Lower Quartile	Upper Quartile	10th Percentile	90th Percentile
1	27.8705316	30.0	30.0	30.0	30.0	30.0
2	27.8705316	30.0	30.0	30.0	30.0	30.0
3	27.8705316	30.0	30.0	30.0	30.0	30.0
4	27.8705316	30.0	30.0	30.0	30.0	30.0
5	27.8705316	30.0	30.0	30.0	30.0	30.0
6	27.8705316	30.0	30.0	30.0	30.0	30.0
7	27.8705316	30.0	30.0	30.0	30.0	30.0
8	27.8705316	30.0	30.0	30.0	30.0	30.0
9	27.8705316	30.0	30.0	30.0	30.0	30.0
10-11	27.8705316	30.0	30.0	30.0	30.0	30.0
12-13	27.8705316	30.0	30.0	30.0	30.0	30.0
14-15	27.8705316	30.0	30.0	30.0	30.0	30.0
16-17	27.8705316	30.0	30.0	30.0	30.0	30.0
18-19	27.8705316	30.0	30.0	30.0	30.0	30.0
20-21	27.8705316	30.0	30.0	30.0	30.0	30.0
22-23	27.8705316	30.0	30.0	30.0	30.0	30.0
24-25	27.8705316	30.0	30.0	30.0	30.0	30.0
26-27	27.8705316	30.0	30.0	30.0	30.0	30.0
28-29	27.8705316	30.0	30.0	30.0	30.0	30.0
30-31	27.8705316	30.0	30.0	30.0	30.0	30.0
32-33	27.8705316	30.0	30.0	30.0	30.0	30.0
34-35	27.8705316	30.0	30.0	30.0	30.0	30.0
36-37	27.8705316	30.0	30.0	30.0	30.0	30.0
38-39	27.8705316	30.0	30.0	30.0	30.0	30.0
40-41	27.8705316	30.0	30.0	30.0	30.0	30.0
42-43	27.8705316	30.0	30.0	30.0	30.0	30.0
44-45	27.8705316	30.0	30.0	30.0	30.0	30.0
46-47	27.8705316	30.0	30.0	30.0	30.0	30.0
48-49	27.8705316	30.0	30.0	30.0	30.0	30.0
50-51	27.8705316	30.0	30.0	30.0	30.0	30.0
52-53	27.8705316	30.0	30.0	30.0	30.0	30.0
54-55	27.8705316	30.0	30.0	30.0	30.0	30.0
56-57	27.8705316	30.0	30.0	30.0	30.0	30.0
58-59	27.8705316	30.0	30.0	30.0	30.0	30.0
60-61	27.8705316	30.0	30.0	30.0	30.0	30.0
62-63	27.8705316	30.0	30.0	30.0	30.0	30.0
64-65	27.8705316	30.0	30.0	30.0	30.0	30.0
66-67	27.8705316	30.0	30.0	30.0	30.0	30.0
68-69	27.8705316	30.0	30.0	30.0	30.0	30.0
70-71	27.8705316	30.0	30.0	30.0	30.0	30.0
72-73	27.8705316	30.0	30.0	30.0	30.0	30.0
74-75	27.8705316	30.0	30.0	30.0	30.0	30.0
76-77	27.8705316	30.0	30.0	30.0	30.0	30.0
78-79	27.8705316	30.0	30.0	30.0	30.0	30.0
80-81	27.8705316	30.0	30.0	30.0	30.0	30.0
82-83	27.8705316	30.0	30.0	30.0	30.0	30.0
84-85	27.8705316	30.0	30.0	30.0	30.0	30.0
86-87	27.8705316	30.0	30.0	30.0	30.0	30.0
88-89	27.8705316	30.0	30.0	30.0	30.0	30.0
90-91	27.8705316	30.0	30.0	30.0	30.0	30.0
92-93	27.8705316	30.0	30.0	30.0	30.0	30.0
94-95	27.8705316	30.0	30.0	30.0	30.0	30.0
96-97	27.8705316	30.0	30.0	30.0	30.0	30.0
98-99	27.8705316	30.0	30.0	30.0	30.0	30.0
100-101	27.8705316	30.0	30.0	30.0	30.0	30.0
>>END_MODULE
>>Per sequence quality scores	pass
#Quality	Count
3	197173.0
4	0.0
5	0.0
6	0.0
7	0.0
8	0.0
9	0.0
10	0.0
11	0.0
12	0.0
13	0.0
14	0.0
15	0.0
16	0.0
17	0.0
18	0.0
19	0.0
20	0.0
21	0.0
22	0.0
23	0.0
24	0.0
25	0.0
26	0.0
27	0.0
28	0.0
29	0.0
30	2302827.0
>>END_MODULE
>>Per base sequence content	pass
#Base	G	A	T	C
1	22.33453580141316	27.43721272248277	25.816578917907595	24.411672558196475
2	25.01008147444387	27.393503336564784	24.445881838667376	23.15053335032398
3	24.4945393876466	25.893516243879656	25.648783030109406	23.96316133836434
4	25.081009814774767	25.821475024125434	25.056117854756828	24.041397306342972
5	24.968895135860883	26.195701638592944	25.571748553280898	23.263654672265275
6	24.915383515278638	26.02939619906548	24.802952062913132	24.252268222742746
7	24.957735469056548	26.06450695956616	25.321571808518158	23.65618576285914
8	24.24249147700799	25.980653382995488	25.666358597803928	24.110496542192593
9	24.21876103366501	25.87919269182487	25.882057661756807	24.019988612753313
10-11	24.442233286979757	26.059293555373014	25.47721644428388	24.02125671336335
12-13	24.334165527621337	26.010696296577336	25.647056116910548	24.00808205889078
14-15	24.32562658361156	25.969927056178317	25.6389425215771	24.065503838633024
16-17	24.422028481079135	25.792355223335544	25.634526481457243	24.151089814128078
18-19	24.42460179189858	25.6687704456921	25.633481900733546	24.273145861675772
20-21	24.57966442662813	25.59370315993746	25.49822975125186	24.32840266218255
22-23	24.702698233020374	25.460365122010938	25.38768360674994	24.449253038218753
24-25	24.530586849091584	25.744002934457775	25.463094118001518	24.262316098449116
26-27	24.92902630073264	25.390213722283235	25.2226931322223	24.458066844761824
28-29	24.89369469955087	25.48311443229845	25.172900972185563	24.45028989596512
30-31	24.959401024044706	25.348301799945233	25.216039133570327	24.47625804243973
32-33	25.036301981514764	25.335031032909956	25.106751794366645	24.52191519120864
34-35	25.08033274484986	25.348718405907235	25.10101356220913	24.469935287033774
36-37	25.101288750846557	25.28428089587486	25.045434589660992	24.568995763617586
38-39	25.130614766571924	25.252316282380683	25.004363094389454	24.61270585665794
40-41	25.119953647122944	25.272271564091973	25.014793794233448	24.592980994551635
42-43	25.20328343443748	25.164780409402017	24.987876804879853	24.64405935128065
44-45	25.196817433137888	25.12917423734572	25.004221380305413	24.66978694921098
46-47	25.286828486336173	25.174735060177646	24.891193919401974	24.64724253408421
48-49	25.258825140718944	25.049276665286268	24.923745839831568	24.768152354163224
50-51	25.23125606352296	25.132358044012452	24.88450601066472	24.75187988179987
52-53	25.367212077786295	25.109699732835495	24.816128374942505	24.706959814435706
54-55	25.307067015063268	25.06402880668766	24.849978663812124	24.77892551443695
56-57	25.343194510587942	25.098844188366513	24.79138740505949	24.76657389598606
58-59	25.390242199052825	25.129044959002577	24.735660012409046	24.745052829535553
60-61	25.34511191255115	25.037869255585914	24.72087607447944	24.896142757383494
62-63	25.35574953953372	25.06278349716374	24.71082353288795	24.870643430414592
64-65	25.452003148734807	25.027604056920932	24.715321461008095	24.80507133333617
66-67	25.41901034902154	25.011531281331706	24.693449989439774	24.87600838020698
68-69	25.440887224719873	24.990521708625387	24.70627412311137	24.862316943543373
70-71	25.531537722756532	24.982222378716553	24.606858579983918	24.879381318543
72-73	25.538798096368463	24.981370172001416	24.587892827349293	24.891938904280824
74-75	25.55482515322084	25.01978463546164	24.62571154335543	24.79967866796209
76-77	25.558260917444265	24.97815782399295	24.634006911763276	24.829574346799504
78-79	25.590892005912714	24.9905324095205	24.582459525165167	24.83611605940162
80-81	25.580173675212016	24.980528164803058	24.554606432170935	24.884691727813994
82-83	25.59852651704373	24.990589253464055	24.568356038256937	24.84252819123528
84-85	25.598166487369088	24.987420822047508	24.55038423946948	24.864028451113924
86-87	25.59711295257176	24.96082289437358	24.549582249242732	24.892481903811927
88-89	25.698149872474797	24.945184405489655	24.43123760171653	24.925428120319015
90-91	25.6360984610998	24.908446049389315	24.44745641618834	25.007999073322544
92-93	25.670821508302836	24.847955220077623	24.428457140382296	25.05276613123725
94-95	25.79263005239085	24.784778814311	24.29549113109132	25.127100002206827
96-97	25.85724308211988	24.729318824673896	24.260320295430617	25.15311779777561
98-99	25.855219133447076	24.70401713597794	24.225713364474927	25.215050366100055
100-101	26.843119402208455	24.06832967781867	23.64463011880878	25.443920801164094
>>END_MODULE
>>Per sequence GC content	pass
#GC Content	Count
0	17129.0
1	9624.0
2	1422.5
3	704.5
4	640.5
5	612.0
6	604.0
7	575.5
8	570.5
9	579.5
10	579.5
11	588.0
12	584.0
13	591.0
14	609.5
15	611.0
16	706.5
17	912.0
18	1173.5
19	1606.5
20	2282.0
21	3164.5
22	4282.5
23	5909.0
24	7877.0
25	10004.5
26	12886.0
27	15756.0
28	18215.5
29	21134.0
30	24396.5
31	27942.5
32	31306.0
33	34662.0
34	38114.0
35	40862.5
36	43494.0
37	46051.0
38	48322.0
39	51001.5
40	53783.0
41	56511.0
42	59584.0
43	62097.5
44	64046.0
45	66508.5
46	69822.0
47	71898.5
48	73790.0
49	76157.0
50	77307.5
51	77204.0
52	75690.0
53	74473.5
54	73491.0
55	72473.5
56	71998.0
57	70846.5
58	69385.5
59	67982.5
60	65956.0
61	63651.0
62	61080.5
63	57893.5
64	53816.5
65	49478.5
66	44812.5
67	39392.0
68	33583.0
69	28150.0
70	23297.0
71	18638.5
72	14505.5
73	11068.0
74	8192.0
75	6007.0
76	4438.0
77	3250.0
78	2303.0
79	1644.5
80	1211.5
81	892.0
82	618.5
83	434.0
84	331.0
85	234.5
86	166.0
87	111.5
88	89.5
89	62.5
90	42.0
91	26.0
92	15.5
93	10.5
94	7.0
95	8.0
96	5.0
97	2.0
98	1.0
99	1.0
100	1.5
>>END_MODULE
>>Per base N content	pass
#Base	N-Count
1	0.67096
2	0.80816
3	0.83896
4	0.85152
5	0.85152
6	0.98856
7	0.9334800000000001
8	0.8446800000000001
9	0.87156
10-11	0.9066
12-13	0.89654
14-15	0.96214
16-17	0.98128
18-19	0.9877
20-21	1.01956
22-23	1.0752599999999999
24-25	1.09246
26-27	1.1464800000000002
28-29	1.1197000000000001
30-31	1.10588
32-33	1.1211
34-35	1.06774
36-37	1.09958
38-39	1.1023
40-41	1.1409799999999999
42-43	1.0986799999999999
44-45	1.0987
46-47	1.13604
48-49	1.13982
50-51	1.1507
52-53	1.16202
54-55	1.20072
56-57	1.18286
58-59	1.2011
60-61	1.13352
62-63	1.17626
64-65	1.19206
66-67	1.13848
68-69	1.14252
70-71	1.16788
72-73	1.15314
74-75	1.21122
76-77	1.20032
78-79	1.18922
80-81	1.16494
82-83	1.22994
84-85	1.22566
86-87	1.23058
88-89	1.196
90-91	1.23856
92-93	1.1771399999999999
94-95	1.2155799999999999
96-97	1.1937200000000001
98-99	1.25104
100-101	1.21774
>>END_MODULE
>>Sequence Length Distribution	pass
#Length	Count
101	2500000.0
>>END_MODULE
>>Sequence Duplication Levels	pass
#Total Deduplicated Percentage	84.67355515106851
#Duplication Level	Percentage of total
1	73.56272800293569
2	17.571830296040716
3	5.361900044702336
4	1.5772180089808308
5	0.49837521480203945
6	0.16479450025323802
7	0.06621331805011448
8	0.02106325653936613
9	0.007195142862250699
>10	0.030786516939717835
>50	0.004389016460688564
>100	0.07170577304917848
>500	0.28970142252333586
>1k	0.0
>5k	0.0
>10k+	0.7720994858605205
>>END_MODULE
>>Overrepresented sequences	warn
#Sequence	Count	Percentage	Possible Source
NNNNNNNNNNNNNNNNNNNNNNNNNNNNNNNNNNNNNNNNNNNNNNNNNN	15290	0.6116	No Hit
>>END_MODULE
>>Adapter Content	pass
#Position	Illumina Universal Adapter	Illumina Small RNA 3' Adapter	Illumina Small RNA 5' Adapter	Nextera Transposase Sequence	PolyA	PolyG
1	0.0	4.0E-5	0.0	4.0E-5	0.18836	8.8E-4
2	0.0	1.2E-4	0.0	8.0E-5	0.21568	0.0012
3	0.0	1.2E-4	0.0	1.6E-4	0.23872	0.00132
4	0.0	1.2E-4	0.0	1.6E-4	0.26028	0.00168
5	0.0	2.0E-4	0.0	2.4E-4	0.28136	0.0018
6	0.0	2.0E-4	0.0	2.4E-4	0.30096	0.0022
7	0.0	3.2E-4	0.0	2.4E-4	0.32116	0.003
8	0.0	3.2E-4	0.0	3.2E-4	0.338	0.0038
9	0.0	4.0E-4	0.0	3.2E-4	0.35712	0.00444
10-11	0.0	4.4E-4	0.0	3.4E-4	0.38248	0.00558
12-13	2.0E-5	5.6E-4	0.0	5.0E-4	0.41582	0.007039999999999999
14-15	4.0E-5	6.0E-4	0.0	5.6E-4	0.4474	0.00868
16-17	4.0E-5	6.0E-4	0.0	5.6E-4	0.47204	0.010360000000000001
18-19	4.0E-5	6.4E-4	0.0	5.6E-4	0.49451999999999996	0.012
20-21	8.0E-5	6.8E-4	0.0	5.6E-4	0.51488	0.0142
22-23	8.0E-5	7.2E-4	0.0	5.6E-4	0.5350999999999999	0.01644
24-25	8.0E-5	8.0E-4	0.0	6.0E-4	0.5522	0.01806
26-27	8.0E-5	8.2E-4	0.0	6.0E-4	0.56916	0.0204
28-29	8.0E-5	8.600000000000001E-4	0.0	6.6E-4	0.5876399999999999	0.02246
30-31	8.0E-5	8.8E-4	0.0	7.2E-4	0.60422	0.02532
32-33	1.6E-4	8.8E-4	0.0	8.0E-4	0.62122	0.02842
34-35	4.2E-4	8.8E-4	0.0	8.0E-4	0.63822	0.03212
36-37	8.4E-4	8.8E-4	0.0	8.0E-4	0.6531	0.03568
38-39	0.0013800000000000002	8.8E-4	0.0	8.2E-4	0.66874	0.039400000000000004
40-41	0.0019000000000000002	8.8E-4	0.0	8.600000000000001E-4	0.68408	0.0429
42-43	0.0025399999999999997	8.8E-4	0.0	9.2E-4	0.70146	0.04716
44-45	0.00316	8.8E-4	0.0	0.001	0.71854	0.05132
46-47	0.00388	8.8E-4	0.0	0.001	0.73516	0.05706
48-49	0.004540000000000001	9.0E-4	0.0	0.00102	0.75048	0.0619
50-51	0.00536	0.001	0.0	0.00118	0.7674799999999999	0.0667
52-53	0.00604	0.00102	0.0	0.00128	0.7851999999999999	0.07261999999999999
54-55	0.0071	0.00112	0.0	0.00128	0.80286	0.07922
56-57	0.00808	0.00118	0.0	0.00136	0.8183	0.08671999999999999
58-59	0.00892	0.0012	0.0	0.0013800000000000002	0.83298	0.09562
60-61	0.01006	0.0012	0.0	0.0015400000000000001	0.84898	0.10406
62-63	0.01064	0.00122	0.0	0.00156	0.8631599999999999	0.11296
64-65	0.01178	0.00124	0.0	0.00156	0.87704	0.1227
66-67	0.0124	0.00124	0.0	0.00156	0.89188	0.13216
68-69	0.0132	0.00124	0.0	0.00156	0.90742	0.14118
70-71	0.0143	0.00126	0.0	0.00156	0.92346	0.15058
72-73	0.015519999999999999	0.00128	0.0	0.00156	0.9377800000000001	0.16036
74-75	0.01644	0.0014000000000000002	0.0	0.00162	0.9526399999999999	0.17099999999999999
76-77	0.01744	0.00146	0.0	0.00168	0.9687399999999999	0.18096
78-79	0.01836	0.00152	0.0	0.00174	0.98432	0.19066
80-81	0.01948	0.00152	0.0	0.00176	0.99942	0.2007
82-83	0.02076	0.00152	0.0	0.00176	1.0146000000000002	0.21136
84-85	0.021900000000000003	0.00156	0.0	0.0018	1.02928	0.22360000000000002
86-87	0.023	0.00156	0.0	0.00186	1.04378	0.23665999999999998
88-89	0.02418	0.00158	0.0	0.00192	1.0567	0.24897999999999998
90	0.02496	0.0016	0.0	0.00192	1.0662	0.26056
>>END_MODULE
