##FastQC	0.12.1
>>Basic Statistics	pass
#Measure	Value
Filename	SRR1517848_2.fastq.gz
File type	Conventional base calls
Encoding	Sanger / Illumina 1.9
Total Sequences	2304828
Total Bases	175.1 Mbp
Sequences flagged as poor quality	0
Sequence length	76
%GC	47
>>END_MODULE
>>Per base sequence quality	pass
#Base	Mean	Median	Lower Quartile	Upper Quartile	10th Percentile	90th Percentile
1	30.021530023064628	31.0	31.0	34.0	26.0	34.0
2	30.16105713745234	31.0	31.0	34.0	26.0	34.0
3	30.206195429767426	33.0	31.0	34.0	26.0	34.0
4	33.51668540993081	37.0	35.0	37.0	28.0	37.0
5	33.49213260165184	37.0	35.0	37.0	28.0	37.0
6	33.509622843873814	37.0	35.0	37.0	28.0	37.0
7	33.47248384695084	37.0	35.0	37.0	28.0	37.0
8	33.45764152466041	37.0	35.0	37.0	28.0	37.0
9	34.941461141568915	39.0	35.0	39.0	27.0	39.0
10-11	34.887575341847636	39.0	35.0	39.0	27.0	39.0
12-13	34.838261900671114	39.0	35.0	39.0	27.0	39.0
14-15	35.97646201799006	40.0	36.0	41.0	27.0	41.0
16-17	35.915452910152084	40.0	36.0	41.0	27.0	41.0
18-19	35.904164215290685	40.0	36.0	41.0	27.0	41.0
20-21	35.848403872219535	40.0	36.0	41.0	27.0	41.0
22-23	35.74036630932981	40.0	36.0	41.0	27.0	41.0
24-25	35.649993405147804	40.0	36.0	41.0	26.0	41.0
26-27	35.536828344674745	40.0	36.0	41.0	25.0	41.0
28-29	35.4119572046157	40.0	36.0	41.0	25.0	41.0
30-31	35.274011119267904	40.0	35.5	41.0	24.5	41.0
32-33	35.13825218194156	40.0	35.0	41.0	24.0	41.0
34-35	34.9940937024368	39.0	35.0	41.0	24.0	41.0
36-37	34.85170216606185	39.0	35.0	41.0	23.0	41.0
38-39	34.69172124774603	39.0	35.0	41.0	22.0	41.0
40-41	34.519906040711064	39.0	34.0	41.0	21.5	41.0
42-43	34.47848234228324	39.0	34.5	41.0	21.0	41.0
44-45	34.67371014236203	39.0	35.0	41.0	22.0	41.0
46-47	34.738552291103716	39.0	35.0	41.0	22.0	41.0
48-49	34.647097744387	39.0	35.0	41.0	21.0	41.0
50-51	33.28723097775625	37.5	33.0	40.0	17.5	40.5
52-53	33.337785509374235	38.0	33.0	39.5	16.0	40.5
54-55	34.01760934004619	39.0	34.0	40.5	18.0	41.0
56-57	33.99872506755385	39.0	34.0	41.0	16.0	41.0
58-59	33.80846640183128	38.0	34.0	41.0	13.5	41.0
60-61	33.57164677798083	38.0	33.5	40.5	12.0	41.0
62-63	33.30340420196214	37.5	33.0	40.0	8.0	41.0
64-65	33.001254757404894	37.0	33.0	40.0	4.5	41.0
66-67	32.66648747759052	36.5	33.0	40.0	2.0	41.0
68-69	32.31616437322005	36.0	32.5	39.0	2.0	41.0
70-71	31.94062810760716	35.5	32.0	39.0	2.0	41.0
72-73	31.505535337127107	35.0	32.0	39.0	2.0	40.5
74-75	31.038351017950145	35.0	32.0	37.5	2.0	40.0
76	30.06511765736966	35.0	30.0	37.0	2.0	39.0
>>END_MODULE
>>Per sequence quality scores	pass
#Quality	Count
2	98056.0
3	9949.0
4	7452.0
5	5891.0
6	5180.0
7	4820.0
8	5043.0
9	5083.0
10	5395.0
11	5619.0
12	5869.0
13	6150.0
14	6407.0
15	6422.0
16	6277.0
17	6480.0
18	6567.0
19	7020.0
20	7626.0
21	8679.0
22	10149.0
23	12030.0
24	13777.0
25	16405.0
26	19148.0
27	22328.0
28	25812.0
29	30467.0
30	36220.0
31	43307.0
32	54337.0
33	68198.0
34	89052.0
35	122268.0
36	176833.0
37	267595.0
38	402675.0
39	581349.0
40	92893.0
>>END_MODULE
>>Per base sequence content	pass
#Base	G	A	T	C
1	21.986673192099367	27.84494114094414	26.25211078657496	23.91627488038153
2	23.991197962053803	28.500028005694926	25.177553934843555	22.331220097407716
3	23.74620113575187	26.62830175572652	26.118602712606155	23.506894395915463
4	23.547791963119078	25.869562386320723	26.570152324809104	24.012493325751098
5	23.25203068484301	26.433787886615956	27.005883331082924	23.30829809745811
6	23.262050300945646	26.288820165506	26.180904108316998	24.268225425231353
7	23.312798781204833	26.29882090853352	26.856191456023705	23.532188854237948
8	22.71236611861574	26.506995416227703	27.016746996943574	23.76389146821299
9	22.70948280799557	26.05550628374661	27.326834661358042	23.90817624689978
10-11	22.84687910448603	26.383804346269685	27.044383880713845	23.724932668530442
12-13	22.755033504631292	26.32966353054293	27.13697241703677	23.778330547789007
14-15	22.805578467483453	26.28856272716978	27.087401978288895	23.818456827057876
16-17	22.9290962976269	26.14768055791484	27.01500765058904	23.90821549386922
18-19	22.969395689171904	26.000842623013416	26.97304821261522	24.056713475199462
20-21	23.053327767962205	26.026216542689635	26.88495128275441	24.03550440659375
22-23	23.082982703312982	26.112061600382873	26.8383289342771	23.96662676202704
24-25	23.129114148146108	26.054017066128154	26.75525959012394	24.0616091956018
26-27	23.216173940586497	26.093691356123045	26.659015618118666	24.031119085171788
28-29	23.227600222930953	26.123316221567684	26.61575585546282	24.03332770003855
30-31	23.30600641215054	26.068615825055634	26.52705117875009	24.098326584043733
32-33	23.346470982442614	26.116398254956884	26.497098645615186	24.040032116985316
34-35	23.405615192012178	26.11330485622924	26.46559132296607	24.015488628792507
36-37	23.4226482586974	26.09452438413749	26.396825727419387	24.086001629745724
38-39	23.512660912222636	26.07217866531234	26.381045957379044	24.034114465085977
40-41	23.521791698477028	26.14077438734814	26.342711885219316	23.99472202895551
42-43	23.52977930201398	26.085461459425314	26.296965142353322	24.087794096207382
44-45	23.501747183321804	26.13823998208885	26.365860860121415	23.994151974467933
46-47	23.541935674219705	26.165800635899146	26.31972068338332	23.972543006497833
48-49	23.530742773737575	26.120846789222096	26.28557159921258	24.06283883782774
50-51	23.556181119589443	26.160677153782956	26.285744161713705	23.9973975649139
52-53	23.58521244564851	26.195993169875166	26.307521793204973	23.911272591271352
54-55	23.623813853312534	26.189693656825618	26.237203521630764	23.949288968231087
56-57	23.64445148288033	26.21588377324763	26.238879211039546	23.900785532832497
58-59	23.629535574445175	26.285521891657538	26.202694514714658	23.88224801918263
60-61	23.67837402825847	26.238241637322513	26.160595603008563	23.922788731410456
62-63	23.712513765671602	26.250105222233692	26.19280791930735	23.844573092787353
64-65	23.71849022974218	26.338109016787133	26.139154746982495	23.804246006488196
66-67	23.742116261068475	26.348284234604797	26.11418014321764	23.795419361109087
68-69	23.772480382443376	26.35869382467021	26.108016910224258	23.76080888266216
70-71	23.807384321274316	26.43540937144821	26.081746075307155	23.67546023197032
72-73	23.848349305371457	26.44157279921484	26.00872890287349	23.70134899254021
74-75	23.905179004219878	26.49741453293683	25.967066208609314	23.630340254233978
76	23.99028991417985	26.54320077055909	25.899809963467863	23.5666993517932
>>END_MODULE
>>Per sequence GC content	warn
#GC Content	Count
0	14.0
1	16.0
2	20.0
3	24.5
4	27.0
5	28.0
6	37.0
7	38.5
8	32.0
9	39.5
10	62.5
11	101.5
12	125.0
13	157.0
14	255.5
15	455.0
16	803.5
17	1019.0
18	1383.5
19	2364.5
20	3836.5
21	4692.0
22	5824.0
23	8390.5
24	11826.0
25	13827.0
26	16216.0
27	21183.0
28	26795.0
29	29829.0
30	33497.0
31	41071.5
32	49109.0
33	53240.0
34	57556.0
35	66265.5
36	75378.0
37	80097.0
38	83603.0
39	90593.0
40	95806.5
41	99306.0
42	101076.0
43	101599.5
44	101971.5
45	100698.5
46	99577.0
47	98308.5
48	95262.0
49	91936.0
50	90388.0
51	89020.0
52	85744.0
53	82836.5
54	81837.0
55	79738.5
56	76153.5
57	72516.0
58	70365.0
59	67994.0
60	63135.0
61	57885.5
62	55124.0
63	51552.5
64	44615.0
65	37887.0
66	30881.5
67	27238.0
68	24145.5
69	18283.0
70	13298.0
71	11083.0
72	9296.0
73	6158.0
74	4075.5
75	3344.0
76	2727.5
77	1759.0
78	1125.0
79	843.0
80	678.5
81	416.5
82	277.0
83	235.0
84	200.0
85	141.0
86	100.0
87	83.0
88	76.5
89	58.5
90	45.5
91	43.5
92	43.0
93	41.0
94	30.5
95	21.5
96	21.0
97	19.0
98	11.5
99	9.0
100	12.0
>>END_MODULE
>>Per base N content	pass
#Base	N-Count
1	0.0
2	0.07484289500127558
3	0.06542787574604265
4	0.05197784823856704
5	0.06685965286780618
6	0.011237281046568334
7	0.011150506675552362
8	0.007636144649405509
9	0.0065948521972138486
10-11	0.008026629318977381
12-13	0.0031238773565749806
14-15	0.0047292032203704575
16-17	0.004490573700076535
18-19	0.005206462260958301
20-21	0.004338718550798585
22-23	0.007245659979833636
24-25	0.008872679436383105
26-27	0.005770495672562118
28-29	0.003405894062376889
30-31	0.006117593156626004
32-33	0.005575253337776181
34-35	0.0073541279436036
36-37	0.007549370278389538
38-39	0.005054607111680351
40-41	0.006703320160983813
42-43	0.0060742059711180185
44-45	0.005141381482696323
46-47	0.0026032311304791506
48-49	0.0032540389130989384
50-51	0.002755086279757101
52-53	0.001670406642057455
54-55	0.0018873425695973844
56-57	9.979052666836744E-4
58-59	0.0014968579000255117
60-61	0.00600912519285604
62-63	0.007896467762453424
64-65	0.0011714540087156178
66-67	0.003644523582670811
68-69	0.00297202220729703
70-71	0.004056701844996677
72-73	0.003080490171066995
74-75	9.545180811756886E-4
76	3.470974840638867E-4
>>END_MODULE
>>Sequence Length Distribution	pass
#Length	Count
76	2304828.0
>>END_MODULE
>>Sequence Duplication Levels	pass
#Total Deduplicated Percentage	97.85276402469222
#Duplication Level	Percentage of total
1	96.12178457299092
2	2.9819672941452167
3	0.4753772705378327
4	0.17627605121889417
5	0.0775486503989392
6	0.050241104705815005
7	0.037654398035210375
8	0.027982888916462646
9	0.015485625405565952
>10	0.03568214364511892
>50	0.0
>100	0.0
>500	0.0
>1k	0.0
>5k	0.0
>10k+	0.0
>>END_MODULE
>>Overrepresented sequences	pass
>>END_MODULE
>>Adapter Content	pass
#Position	Illumina Universal Adapter	Illumina Small RNA 3' Adapter	Illumina Small RNA 5' Adapter	Nextera Transposase Sequence	PolyA	PolyG
1	0.0	0.0	0.0	1.3016155652395754E-4	0.03757330264991574	0.0025164567594631792
2	1.735487420319434E-4	0.0	0.0	1.3016155652395754E-4	0.04473218825873341	0.0031672645420829666
3	2.1693592753992922E-4	0.0	0.0	1.3016155652395754E-4	0.049374617108087895	0.004468880107322542
4	2.6032311304791507E-4	0.0	0.0	1.735487420319434E-4	0.05388688440091842	0.004946139147910387
5	2.6032311304791507E-4	0.0	0.0	2.1693592753992922E-4	0.05865947480679686	0.005596946930530174
6	2.6032311304791507E-4	4.338718550798585E-5	0.0	2.1693592753992922E-4	0.06360561395470725	0.006204367527641976
7	2.6032311304791507E-4	4.338718550798585E-5	0.0	2.1693592753992922E-4	0.06872530184464958	0.006855175310261763
8	3.037102985559009E-4	4.338718550798585E-5	0.0	2.1693592753992922E-4	0.07349789225052802	0.0077229190204214804
9	3.037102985559009E-4	4.338718550798585E-5	0.0	2.6032311304791507E-4	0.07714241583319884	0.00867743710159717
10	3.037102985559009E-4	8.67743710159717E-5	0.0	2.6032311304791507E-4	0.08074355223036166	0.0095017936262489
11	3.037102985559009E-4	8.67743710159717E-5	0.0	3.037102985559009E-4	0.08534259389420816	0.010195988594376674
12	3.037102985559009E-4	8.67743710159717E-5	0.0	3.470974840638868E-4	0.08864001999281508	0.01128066823207632
13	3.037102985559009E-4	8.67743710159717E-5	0.0	3.470974840638868E-4	0.09228454357548589	0.012191799127744023
14	3.470974840638868E-4	8.67743710159717E-5	0.0	3.470974840638868E-4	0.09571213123061678	0.012885994095871796
15	3.470974840638868E-4	8.67743710159717E-5	0.0	3.470974840638868E-4	0.0993132676277796	0.013623576249507555
16	3.470974840638868E-4	8.67743710159717E-5	0.0	3.470974840638868E-4	0.10265408091189451	0.014447932774159287
17	3.9048466957187263E-4	8.67743710159717E-5	0.0	3.470974840638868E-4	0.10582134545397748	0.015315676484319004
18	4.3387185507985843E-4	8.67743710159717E-5	0.0	3.470974840638868E-4	0.10833780221344065	0.015749548339398862
19	4.3387185507985843E-4	8.67743710159717E-5	0.0	3.470974840638868E-4	0.11202571298161945	0.016790840791590524
20	5.640334116038159E-4	8.67743710159717E-5	0.0	3.470974840638868E-4	0.11514959033819443	0.017615197316242254
21	6.074205971118019E-4	8.67743710159717E-5	0.0	3.470974840638868E-4	0.1177094342831656	0.018569715397417943
22	6.074205971118019E-4	8.67743710159717E-5	0.0	3.470974840638868E-4	0.12052960134118468	0.0196110078496096
23	6.074205971118019E-4	8.67743710159717E-5	0.0	3.9048466957187263E-4	0.12369686588326764	0.02026181563222939
24	6.074205971118019E-4	8.67743710159717E-5	0.0	3.9048466957187263E-4	0.12643025857027076	0.021346495269929038
25	6.508077826197877E-4	8.67743710159717E-5	0.0	4.3387185507985843E-4	0.12885994095871797	0.02256133646415264
26	6.508077826197877E-4	8.67743710159717E-5	0.0	4.3387185507985843E-4	0.1312028489761492	0.023342305803296385
27	6.941949681277736E-4	8.67743710159717E-5	0.0	4.3387185507985843E-4	0.13380608010662834	0.0242100495134561
28	7.375821536357594E-4	8.67743710159717E-5	0.0	4.3387185507985843E-4	0.1375807652458231	0.02486085729607589
29	7.375821536357594E-4	8.67743710159717E-5	0.0	4.3387185507985843E-4	0.13988028607774636	0.02559843944971165
30	7.375821536357594E-4	1.3016155652395754E-4	0.0	4.3387185507985843E-4	0.1421798069096696	0.026336021603347408
31	7.375821536357594E-4	1.3016155652395754E-4	0.0	4.3387185507985843E-4	0.14482642522565675	0.02746408842655504
32	7.809693391437453E-4	1.3016155652395754E-4	0.0	4.3387185507985843E-4	0.14786352821121576	0.028548768064254687
33	8.243565246517311E-4	1.3016155652395754E-4	0.0	4.3387185507985843E-4	0.150249823414155	0.029286350217890444
34	8.243565246517311E-4	1.3016155652395754E-4	0.0	4.3387185507985843E-4	0.1526795058026022	0.030371029855590093
35	8.677437101597169E-4	1.3016155652395754E-4	0.0	4.3387185507985843E-4	0.15454515477944558	0.031151999194733836
36	8.677437101597169E-4	1.735487420319434E-4	0.0	4.3387185507985843E-4	0.15675790124035285	0.0321932916469255
37	8.677437101597169E-4	1.735487420319434E-4	0.0	5.206462260958301E-4	0.15858016303168826	0.032930873800561256
38	9.545180811756886E-4	1.735487420319434E-4	0.0	5.206462260958301E-4	0.16048919919403964	0.03358168158318105
39	9.545180811756886E-4	1.735487420319434E-4	0.0	5.206462260958301E-4	0.16309243032451878	0.034275876551308815
40	9.545180811756886E-4	1.735487420319434E-4	0.0	5.206462260958301E-4	0.16534856397093406	0.03470974840638868
41	0.0010846796376996462	1.735487420319434E-4	0.0	5.640334116038159E-4	0.1673877616898094	0.03518700744697652
42	0.0012148411942236037	1.735487420319434E-4	4.338718550798585E-5	5.640334116038159E-4	0.16929679785216076	0.03579442804408832
43	0.0013016155652395753	2.1693592753992922E-4	4.338718550798585E-5	5.640334116038159E-4	0.17190002898263992	0.03635846145569214
44	0.0013883899362555471	2.1693592753992922E-4	4.338718550798585E-5	5.640334116038159E-4	0.17406938825803922	0.036835720496279985
45	0.0016053258637954762	2.1693592753992922E-4	4.338718550798585E-5	5.640334116038159E-4	0.17632552190445447	0.03726959235135984
46	0.0017788746058274196	2.1693592753992922E-4	4.338718550798585E-5	5.640334116038159E-4	0.17910230177696557	0.037660077020931715
47	0.0018656489768433912	2.1693592753992922E-4	4.338718550798585E-5	5.640334116038159E-4	0.1814452097943968	0.038180723247027544
48	0.001952423347859363	3.037102985559009E-4	4.338718550798585E-5	6.074205971118019E-4	0.18400505373936796	0.03857120791659942
49	0.0020825849043833206	3.037102985559009E-4	4.338718550798585E-5	6.074205971118019E-4	0.1863045745712912	0.039308790070235175
50	0.0022127464609072783	3.037102985559009E-4	4.338718550798585E-5	6.074205971118019E-4	0.18795328762059468	0.03991621066734698
51	0.0025598439449711647	3.037102985559009E-4	4.338718550798585E-5	6.074205971118019E-4	0.19059990593658183	0.04087072874852267
52	0.0027333926870031083	3.037102985559009E-4	4.338718550798585E-5	6.074205971118019E-4	0.19311636269604499	0.04156492371665044
53	0.0031672645420829666	3.470974840638868E-4	4.338718550798585E-5	6.074205971118019E-4	0.19550265789898422	0.0423025058702862
54	0.004121782623258656	3.470974840638868E-4	4.338718550798585E-5	6.074205971118019E-4	0.19780217873090747	0.04286653928189001
55	0.004642428849354486	3.470974840638868E-4	4.338718550798585E-5	6.074205971118019E-4	0.2004487970468946	0.04356073425001779
56	0.0055535597450221885	3.470974840638868E-4	4.338718550798585E-5	6.074205971118019E-4	0.20305202817737375	0.04412476766162161
57	0.007245659979833636	3.470974840638868E-4	4.338718550798585E-5	6.074205971118019E-4	0.20513461308175707	0.04507928574279729
58	0.009371632069724942	3.470974840638868E-4	4.338718550798585E-5	6.074205971118019E-4	0.2072171979861404	0.04551315759787715
59	0.011584378530632222	3.470974840638868E-4	4.338718550798585E-5	6.074205971118019E-4	0.20925639570501572	0.046294126937020896
60	0.01514212774228706	3.470974840638868E-4	4.338718550798585E-5	6.074205971118019E-4	0.211512529351431	0.04698832190514867
61	0.020956010600357164	3.470974840638868E-4	4.338718550798585E-5	6.074205971118019E-4	0.21376866299784625	0.04772590405878443
62	0.028635542435270656	3.9048466957187263E-4	4.338718550798585E-5	6.508077826197877E-4	0.21676237879789728	0.04855026058343616
63	0.03887491821515532	3.9048466957187263E-4	4.338718550798585E-5	6.508077826197877E-4	0.21927883555736047	0.04920106836605595
64	0.050979942971883366	3.9048466957187263E-4	4.338718550798585E-5	6.508077826197877E-4	0.22175190513131565	0.05002542489070768
65	0.07002691740988916	3.9048466957187263E-4	4.338718550798585E-5	6.508077826197877E-4	0.22396465159222292	0.050676232673327465
>>END_MODULE
