##FastQC	0.12.1
>>Basic Statistics	pass
#Measure	Value
Filename	SRR1517848_1.fastq.gz
File type	Conventional base calls
Encoding	Sanger / Illumina 1.9
Total Sequences	2304828
Total Bases	175.1 Mbp
Sequences flagged as poor quality	0
Sequence length	76
%GC	47
>>END_MODULE
>>Per base sequence quality	pass
#Base	Mean	Median	Lower Quartile	Upper Quartile	10th Percentile	90th Percentile
1	31.034927118205783	33.0	31.0	34.0	28.0	34.0
2	31.28514362026147	34.0	31.0	34.0	28.0	34.0
3	31.38244328860982	34.0	31.0	34.0	28.0	34.0
4	34.792205752446606	37.0	35.0	37.0	32.0	37.0
5	34.500931522872854	37.0	35.0	37.0	31.0	37.0
6	34.414516831624745	37.0	35.0	37.0	31.0	37.0
7	34.3455181905114	37.0	35.0	37.0	30.0	37.0
8	34.30634954105035	37.0	35.0	37.0	30.0	37.0
9	35.857499561789425	39.0	37.0	39.0	30.0	39.0
10-11	35.78288249708872	39.0	37.0	39.0	30.0	39.0
12-13	35.72921688733389	39.0	37.0	39.0	30.0	39.0
14-15	36.95882122223437	40.0	37.0	41.0	31.0	41.0
16-17	36.918245092475445	40.0	37.0	41.0	30.5	41.0
18-19	36.86873272105338	40.0	37.0	41.0	30.0	41.0
20-21	36.82595056984729	40.0	37.0	41.0	30.0	41.0
22-23	36.732532752986344	40.0	37.0	41.0	30.0	41.0
24-25	36.68022104035529	40.0	37.0	41.0	30.0	41.0
26-27	36.586475433307825	40.0	37.0	41.0	30.0	41.0
28-29	36.474443212248374	40.0	37.0	41.0	29.5	41.0
30-31	36.360714769171494	40.0	37.0	41.0	29.0	41.0
32-33	36.22121889355735	40.0	36.0	41.0	28.5	41.0
34-35	36.09173743116623	40.0	36.0	41.0	28.0	41.0
36-37	36.00444631877086	40.0	36.0	41.0	27.5	41.0
38-39	35.87184293144651	40.0	36.0	41.0	27.0	41.0
40-41	35.74629213112649	40.0	35.5	41.0	27.0	41.0
42-43	35.794625021910534	40.0	36.0	41.0	27.0	41.0
44-45	35.66857505202124	40.0	35.0	41.0	27.0	41.0
46-47	35.75736692716333	40.0	35.5	41.0	27.0	41.0
48-49	35.69354741438407	40.0	35.0	41.0	27.0	41.0
50-51	35.53634631304375	39.5	35.0	41.0	26.5	41.0
52-53	35.37098169581418	39.0	35.0	41.0	26.0	41.0
54-55	35.20076639124481	39.0	35.0	41.0	26.0	41.0
56-57	34.9877541838263	39.0	35.0	41.0	26.0	41.0
58-59	34.76278078017101	39.0	34.5	41.0	25.0	41.0
60-61	34.45469293153329	38.0	34.0	40.5	23.5	41.0
62-63	34.20938785887711	38.0	34.0	40.0	23.0	41.0
64-65	33.925850649159074	37.0	34.0	40.0	23.0	41.0
66-67	33.600258891335926	37.0	34.0	40.0	22.0	41.0
68-69	33.2459669441711	36.0	33.5	39.5	21.5	41.0
70-71	32.83879469530915	36.0	33.0	39.0	19.0	41.0
72-73	32.411497083513396	35.0	33.0	39.0	11.5	40.5
74-75	31.940315069063722	35.0	33.0	37.5	2.0	40.0
76	30.251949820116728	34.0	30.0	36.0	2.0	39.0
>>END_MODULE
>>Per sequence quality scores	pass
#Quality	Count
2	50155.0
3	15335.0
4	7992.0
5	5667.0
6	4550.0
7	4357.0
8	4038.0
9	4064.0
10	4470.0
11	4496.0
12	4847.0
13	5047.0
14	5184.0
15	5475.0
16	5651.0
17	5862.0
18	6172.0
19	6487.0
20	7057.0
21	7656.0
22	8911.0
23	10038.0
24	11942.0
25	13708.0
26	16108.0
27	18886.0
28	22256.0
29	26278.0
30	31544.0
31	38535.0
32	47900.0
33	61373.0
34	82319.0
35	114622.0
36	171080.0
37	274132.0
38	426950.0
39	639590.0
40	124094.0
>>END_MODULE
>>Per base sequence content	pass
#Base	G	A	T	C
1	21.360771469210395	28.713739511698616	25.780929886602376	24.144559132488613
2	22.1233908200326	28.311761901022336	26.740057696404453	22.82478958254061
3	21.59523400444632	26.97034225547416	27.299867929407313	24.134555810672207
4	22.055201134725184	26.97076711535866	27.223251279234294	23.750780470681853
5	23.00645172487103	26.438621838676507	27.57554852677661	22.97937790967585
6	23.012823516548742	26.273153571546338	26.86595268714195	23.848070224762978
7	23.074346545599063	26.377846850177107	27.254658482107992	23.293148122115838
8	22.577172786863052	26.30530347600775	27.476063289755242	23.641460447373948
9	22.49738375271387	26.040120998182946	27.686230816355927	23.77626443274726
10-11	22.681996227050348	26.385005735785928	27.340955594083376	23.592042443080352
12-13	22.627371760495794	26.278143097879752	27.41866204332818	23.675823098296274
14-15	22.644075826916367	26.21787829720916	27.41206719113097	23.725978684743502
16-17	22.78931443040435	26.124595848366994	27.364384674257693	23.721705046970968
18-19	22.84955753748219	25.958921880504747	27.242683618907787	23.948836963105272
20-21	22.93116883342271	25.982589590199357	27.16185329230641	23.924388284071522
22-23	22.970116499417177	26.09786645654661	27.05402125946137	23.877995784574843
24-25	23.01629611114691	26.02402617028695	27.017562359361502	23.94211535920463
26-27	23.07872865133537	26.059710312439798	26.97398677905683	23.887574257167994
28-29	23.09606183194581	26.083334634948898	26.936066378922852	23.88453715418244
30-31	23.180016035903765	26.020227973627534	26.858902269496898	23.940853720971802
32-33	23.195548648315622	26.055284819517986	26.816925167517923	23.93224136464847
34-35	23.30382162551363	26.101710284856573	26.74972985625815	23.84473823337165
36-37	23.317661881927847	26.00332866487217	26.710496401466834	23.968513051733144
38-39	23.35114886187647	26.04354474711632	26.703312985435552	23.901993405571663
40-41	23.354584376795145	26.076544540416897	26.69706806755211	23.871803015235844
42-43	23.41491616463794	26.01840060915952	26.629642726205795	23.937040499996744
44-45	23.41378919831524	26.06064498045047	26.622289891910256	23.903275929324032
46-47	23.460883883333388	26.085828427751544	26.624254671556518	23.829033017358547
48-49	23.459001844210327	26.05497573413173	26.56502430491754	23.920998116740403
50-51	23.51713442202307	26.040282113198014	26.57711373927546	23.86546972550345
52-53	23.534959095612784	26.139150846181714	26.51643443040831	23.809455627797192
54-55	23.538102183320284	26.108814786033918	26.485663750756856	23.867419279888942
56-57	23.565063811702164	26.105014057080055	26.467554167866204	23.86236796335158
58-59	23.57606196034191	26.172907536772684	26.451772464962904	23.799258037922506
60-61	23.658721353767813	26.127225087502282	26.39499270434663	23.81906085438327
62-63	23.618468293550677	26.134657228454344	26.449389647325273	23.797484830669706
64-65	23.711859531044105	26.218522981147093	26.36007926283997	23.709538224968835
66-67	23.694434253577647	26.23495768397745	26.341894890857443	23.72871317158746
68-69	23.71333180029417	26.284260171208658	26.316692627094007	23.685715401403165
70-71	23.75980262100321	26.322536249820754	26.25925539454648	23.658405734629554
72-73	23.81475616105519	26.33556056924679	26.223793821589723	23.625889448108296
74-75	23.849860628938895	26.383509157011716	26.197550913445028	23.569079300604365
76	23.801885466255467	26.531637616995575	26.17134417568991	23.495132741059045
>>END_MODULE
>>Per sequence GC content	warn
#GC Content	Count
0	0.0
1	1.0
2	1.5
3	1.5
4	2.0
5	4.0
6	8.5
7	13.0
8	15.0
9	14.5
10	28.0
11	59.0
12	76.0
13	118.5
14	250.5
15	487.5
16	919.0
17	1203.0
18	1635.0
19	2641.0
20	4189.5
21	5164.0
22	6440.5
23	9478.0
24	13209.0
25	15179.0
26	17611.5
27	22843.0
28	28772.0
29	31902.0
30	35422.0
31	42883.5
32	50862.5
33	54900.0
34	59320.5
35	68101.5
36	76270.5
37	80079.0
38	84103.5
39	90680.0
40	95991.5
41	100031.5
42	101312.0
43	101474.5
44	101210.0
45	99932.5
46	99082.0
47	97598.5
48	94215.0
49	90915.5
50	89516.0
51	88145.0
52	85077.5
53	82245.5
54	81110.0
55	78997.5
56	75289.0
57	71655.0
58	69617.0
59	67346.5
60	62800.5
61	57479.5
62	54434.0
63	50960.0
64	44046.5
65	37021.0
66	29953.5
67	26472.0
68	23317.0
69	17447.0
70	12381.5
71	10031.0
72	8471.5
73	5652.0
74	3556.0
75	2720.0
76	2191.5
77	1338.0
78	784.5
79	556.0
80	436.0
81	239.5
82	116.5
83	70.0
84	56.0
85	33.5
86	17.0
87	9.0
88	10.5
89	9.0
90	6.0
91	3.5
92	1.0
93	1.5
94	2.0
95	1.0
96	0.0
97	0.5
98	0.5
99	0.0
100	0.0
>>END_MODULE
>>Per base N content	pass
#Base	N-Count
1	0.25329438899562134
2	2.1693592753992922E-4
3	0.0
4	0.005596946930530174
5	7.809693391437452E-4
6	0.0
7	0.0
8	0.0
9	0.0
10-11	0.0
12-13	0.0
14-15	0.0
16-17	0.0
18-19	0.0
20-21	0.0
22-23	0.06000447755754443
24-25	0.016595598456804583
26-27	0.0
28-29	0.0
30-31	0.0
32-33	0.0
34-35	0.0015836322710414833
36-37	0.0
38-39	1.5185514927795046E-4
40-41	0.0
42-43	5.64033411603816E-4
44-45	0.007332434350849608
46-47	0.0024079887956932147
48-49	0.002060891311629328
50-51	3.687910768178797E-4
52-53	0.0027333926870031083
54-55	0.002538150352217172
56-57	0.005097994297188336
58-59	0.005553559745022188
60-61	0.0013450027507475612
62-63	5.64033411603816E-4
64-65	0.003948233881226712
66-67	0.008872679436383105
68-69	0.0016487130493034621
70-71	0.0010195988594376673
72-73	0.0012148411942236037
74-75	4.1217826232586553E-4
76	0.0017354874203194337
>>END_MODULE
>>Sequence Length Distribution	pass
#Length	Count
76	2304828.0
>>END_MODULE
>>Sequence Duplication Levels	pass
#Total Deduplicated Percentage	97.75324850208976
#Duplication Level	Percentage of total
1	95.942586492192
2	3.1269418528169877
3	0.4816506418119526
4	0.18376308068922612
5	0.0884784172137882
6	0.04913053534341447
7	0.03994270102469089
8	0.029154401763448048
9	0.015489111728575684
>10	0.04286276541591756
>50	0.0
>100	0.0
>500	0.0
>1k	0.0
>5k	0.0
>10k+	0.0
>>END_MODULE
>>Overrepresented sequences	pass
>>END_MODULE
>>Adapter Content	pass
#Position	Illumina Universal Adapter	Illumina Small RNA 3' Adapter	Illumina Small RNA 5' Adapter	Nextera Transposase Sequence	PolyA	PolyG
1	0.0	4.338718550798585E-5	0.0	0.0	0.04074056719199871	1.3016155652395754E-4
2	0.0	4.338718550798585E-5	0.0	0.0	0.048506873397928175	1.3016155652395754E-4
3	1.3016155652395754E-4	4.338718550798585E-5	0.0	0.0	0.054320756255998276	1.735487420319434E-4
4	1.3016155652395754E-4	4.338718550798585E-5	0.0	4.338718550798585E-5	0.06078544689668817	2.1693592753992922E-4
5	1.735487420319434E-4	4.338718550798585E-5	0.0	4.338718550798585E-5	0.06573158604459856	2.6032311304791507E-4
6	1.735487420319434E-4	4.338718550798585E-5	0.0	8.67743710159717E-5	0.07041740207946103	3.470974840638868E-4
7	1.735487420319434E-4	4.338718550798585E-5	0.0	1.3016155652395754E-4	0.07501644374330753	3.9048466957187263E-4
8	2.6032311304791507E-4	4.338718550798585E-5	0.0	1.3016155652395754E-4	0.0784874185839464	4.772590405878443E-4
9	2.6032311304791507E-4	4.338718550798585E-5	0.0	1.735487420319434E-4	0.0821753293521252	5.640334116038159E-4
10	2.6032311304791507E-4	4.338718550798585E-5	0.0	1.735487420319434E-4	0.08638388634639982	6.074205971118019E-4
11	2.6032311304791507E-4	4.338718550798585E-5	0.0	1.735487420319434E-4	0.09037550741313452	6.074205971118019E-4
12	2.6032311304791507E-4	4.338718550798585E-5	0.0	2.6032311304791507E-4	0.0937597078827574	6.508077826197877E-4
13	2.6032311304791507E-4	4.338718550798585E-5	0.0	2.6032311304791507E-4	0.09723068272339629	7.375821536357594E-4
14	2.6032311304791507E-4	4.338718550798585E-5	0.0	3.037102985559009E-4	0.10048472163649522	8.677437101597169E-4
15	2.6032311304791507E-4	4.338718550798585E-5	0.0	3.037102985559009E-4	0.10369537336408617	0.0010846796376996462
16	2.6032311304791507E-4	4.338718550798585E-5	0.0	3.037102985559009E-4	0.10699279946269309	0.0011714540087156178
17	2.6032311304791507E-4	4.338718550798585E-5	0.0	3.037102985559009E-4	0.10955264340766425	0.0012148411942236037
18	3.037102985559009E-4	4.338718550798585E-5	0.0	3.037102985559009E-4	0.11202571298161945	0.0014317771217635328
19	3.037102985559009E-4	4.338718550798585E-5	0.0	3.037102985559009E-4	0.11410829788600277	0.0015185514927795046
20	3.9048466957187263E-4	4.338718550798585E-5	0.0	3.037102985559009E-4	0.116494593088942	0.001692100234811448
21	4.772590405878443E-4	4.338718550798585E-5	0.0	3.037102985559009E-4	0.11957508326000899	0.0019090361623513772
22	4.772590405878443E-4	4.338718550798585E-5	0.0	3.037102985559009E-4	0.12200476564845619	0.0020391977188753347
23	4.772590405878443E-4	4.338718550798585E-5	0.0	3.037102985559009E-4	0.12421751210936348	0.0022995208319232497
24	4.772590405878443E-4	4.338718550798585E-5	0.0	3.037102985559009E-4	0.12647364575577874	0.0025164567594631792
25	4.772590405878443E-4	4.338718550798585E-5	0.0	3.037102985559009E-4	0.12846945628914608	0.0027333926870031083
26	4.772590405878443E-4	4.338718550798585E-5	0.0	3.037102985559009E-4	0.1303351052659895	0.0027333926870031083
27	5.206462260958301E-4	4.338718550798585E-5	0.0	3.037102985559009E-4	0.1324176901703728	0.003123877356574981
28	6.074205971118019E-4	4.338718550798585E-5	0.0	3.037102985559009E-4	0.134934146929836	0.0032540389130989384
29	6.074205971118019E-4	4.338718550798585E-5	0.0	3.037102985559009E-4	0.13714689339074326	0.0034709748406388675
30	6.074205971118019E-4	4.338718550798585E-5	0.0	3.470974840638868E-4	0.13927286548063456	0.003644523582670811
31	6.074205971118019E-4	8.67743710159717E-5	0.0	3.470974840638868E-4	0.1416591606835738	0.0037312979536867825
32	6.074205971118019E-4	1.3016155652395754E-4	0.0	3.470974840638868E-4	0.14317771217635328	0.003904846695718726
33	6.508077826197877E-4	1.3016155652395754E-4	0.0	3.470974840638868E-4	0.14517352270972064	0.004121782623258656
34	6.941949681277736E-4	1.735487420319434E-4	0.0	3.470974840638868E-4	0.14760320509816785	0.00438210573630657
35	7.809693391437453E-4	1.735487420319434E-4	0.0	3.9048466957187263E-4	0.14942546688950326	0.004555654478338514
36	7.809693391437453E-4	1.735487420319434E-4	0.0	4.3387185507985843E-4	0.1516816005359185	0.004859364776894415
37	7.809693391437453E-4	1.735487420319434E-4	0.0	4.3387185507985843E-4	0.15372079825479384	0.005119687889942329
38	8.677437101597169E-4	1.735487420319434E-4	0.0	4.772590405878443E-4	0.15558644723163725	0.005293236631974273
39	8.677437101597169E-4	1.735487420319434E-4	0.0	4.772590405878443E-4	0.15732193465195668	0.00542339818849823
40	8.677437101597169E-4	1.735487420319434E-4	0.0	4.772590405878443E-4	0.15910080925778408	0.00564033411603816
41	9.111308956677028E-4	1.735487420319434E-4	0.0	4.772590405878443E-4	0.16044581200853167	0.005944044414594061
42	0.0010412924521916603	2.1693592753992922E-4	0.0	4.772590405878443E-4	0.16231146098537505	0.006030818785610032
43	0.0011280668232076319	2.1693592753992922E-4	0.0	4.772590405878443E-4	0.16469775618831428	0.006204367527641976
44	0.0012148411942236037	2.1693592753992922E-4	0.0	4.772590405878443E-4	0.16695388983472953	0.006508077826197877
45	0.0013883899362555471	2.1693592753992922E-4	0.0	4.772590405878443E-4	0.16907986192462085	0.006638239382721834
46	0.0015619386782874905	2.1693592753992922E-4	0.0	4.772590405878443E-4	0.17146615712756005	0.007115498423309679
47	0.001692100234811448	2.1693592753992922E-4	0.0	4.772590405878443E-4	0.17333180610440346	0.0074192087218655795
48	0.0017788746058274196	2.6032311304791507E-4	0.0	4.772590405878443E-4	0.1753276166377708	0.007549370278389537
49	0.0019090361623513772	2.6032311304791507E-4	0.0	5.206462260958301E-4	0.177757299026218	0.007679531834913495
50	0.0020391977188753347	2.6032311304791507E-4	0.0	5.206462260958301E-4	0.1796663351885694	0.007983242133469395
51	0.0024296823884472074	2.6032311304791507E-4	0.0	5.206462260958301E-4	0.18196585602049264	0.008156790875501339
52	0.0026032311304791506	2.6032311304791507E-4	0.0	5.206462260958301E-4	0.18400505373936796	0.008286952432025296
53	0.0029937158000510234	2.6032311304791507E-4	0.0	5.206462260958301E-4	0.18621780020027526	0.008503888359565226
54	0.003948233881226712	2.6032311304791507E-4	0.0	5.206462260958301E-4	0.18838715947567455	0.008850985843629113
55	0.004468880107322542	3.037102985559009E-4	0.0	5.206462260958301E-4	0.1906432931220898	0.008894373029137098
56	0.005380011002990245	3.037102985559009E-4	0.0	5.206462260958301E-4	0.19263910365545717	0.009024534585661055
57	0.007115498423309679	3.037102985559009E-4	0.0	5.206462260958301E-4	0.19485185011636444	0.009545180811756886
58	0.009371632069724942	3.470974840638868E-4	0.0	5.206462260958301E-4	0.19684766064973178	0.009892278295820773
59	0.011671152901648192	3.9048466957187263E-4	0.0	5.640334116038159E-4	0.19840959932801927	0.010282762965392645
60	0.01514212774228706	4.3387185507985843E-4	0.0	5.640334116038159E-4	0.2007525073454505	0.010412924521916602
61	0.020825849043833205	4.772590405878443E-4	0.0	5.640334116038159E-4	0.20279170506432584	0.01076002200598049
62	0.028245057765698786	4.772590405878443E-4	0.0	5.640334116038159E-4	0.2044838052991373	0.01128066823207632
63	0.03852782073109143	4.772590405878443E-4	0.0	6.074205971118019E-4	0.2065663902035206	0.011497604159616249
64	0.05080639422985143	4.772590405878443E-4	0.0	6.074205971118019E-4	0.208475426365872	0.01180131445817215
65	0.06954965836930131	4.772590405878443E-4	0.0	6.074205971118019E-4	0.21012413941517544	0.01201825038571208
>>END_MODULE
