##FastQC	0.12.1
>>Basic Statistics	pass
#Measure	Value
Filename	SRR622457_1.fastq.gz
File type	Conventional base calls
Encoding	Sanger / Illumina 1.9
Total Sequences	2500000
Total Bases	252.5 Mbp
Sequences flagged as poor quality	0
Sequence length	101
%GC	49
>>END_MODULE
>>Per base sequence quality	pass
#Base	Mean	Median	Lower Quartile	Upper Quartile	10th Percentile	90th Percentile
1	27.8705316	30.0	30.0	30.0	30.0	30.0
2	27.8705316	30.0	30.0	30.0	30.0	30.0
3	27.8705316	30.0	30.0	30.0	30.0	30.0
4	27.8705316	30.0	30.0	30.0	30.0	30.0
5	27.8705316	30.0	30.0	30.0	30.0	30.0
6	27.8705316	30.0	30.0	30.0	30.0	30.0
7	27.8705316	30.0	30.0	30.0	30.0	30.0
8	27.8705316	30.0	30.0	30.0	30.0	30.0
9	27.8705316	30.0	30.0	30.0	30.0	30.0
10-11	27.8705316	30.0	30.0	30.0	30.0	30.0
12-13	27.8705316	30.0	30.0	30.0	30.0	30.0
14-15	27.8705316	30.0	30.0	30.0	30.0	30.0
16-17	27.8705316	30.0	30.0	30.0	30.0	30.0
18-19	27.8705316	30.0	30.0	30.0	30.0	30.0
20-21	27.8705316	30.0	30.0	30.0	30.0	30.0
22-23	27.8705316	30.0	30.0	30.0	30.0	30.0
24-25	27.8705316	30.0	30.0	30.0	30.0	30.0
26-27	27.8705316	30.0	30.0	30.0	30.0	30.0
28-29	27.8705316	30.0	30.0	30.0	30.0	30.0
30-31	27.8705316	30.0	30.0	30.0	30.0	30.0
32-33	27.8705316	30.0	30.0	30.0	30.0	30.0
34-35	27.8705316	30.0	30.0	30.0	30.0	30.0
36-37	27.8705316	30.0	30.0	30.0	30.0	30.0
38-39	27.8705316	30.0	30.0	30.0	30.0	30.0
40-41	27.8705316	30.0	30.0	30.0	30.0	30.0
42-43	27.8705316	30.0	30.0	30.0	30.0	30.0
44-45	27.8705316	30.0	30.0	30.0	30.0	30.0
46-47	27.8705316	30.0	30.0	30.0	30.0	30.0
48-49	27.8705316	30.0	30.0	30.0	30.0	30.0
50-51	27.8705316	30.0	30.0	30.0	30.0	30.0
52-53	27.8705316	30.0	30.0	30.0	30.0	30.0
54-55	27.8705316	30.0	30.0	30.0	30.0	30.0
56-57	27.8705316	30.0	30.0	30.0	30.0	30.0
58-59	27.8705316	30.0	30.0	30.0	30.0	30.0
60-61	27.8705316	30.0	30.0	30.0	30.0	30.0
62-63	27.8705316	30.0	30.0	30.0	30.0	30.0
64-65	27.8705316	30.0	30.0	30.0	30.0	30.0
66-67	27.8705316	30.0	30.0	30.0	30.0	30.0
68-69	27.8705316	30.0	30.0	30.0	30.0	30.0
70-71	27.8705316	30.0	30.0	30.0	30.0	30.0
72-73	27.8705316	30.0	30.0	30.0	30.0	30.0
74-75	27.8705316	30.0	30.0	30.0	30.0	30.0
76-77	27.8705316	30.0	30.0	30.0	30.0	30.0
78-79	27.8705316	30.0	30.0	30.0	30.0	30.0
80-81	27.8705316	30.0	30.0	30.0	30.0	30.0
82-83	27.8705316	30.0	30.0	30.0	30.0	30.0
84-85	27.8705316	30.0	30.0	30.0	30.0	30.0
86-87	27.8705316	30.0	30.0	30.0	30.0	30.0
88-89	27.8705316	30.0	30.0	30.0	30.0	30.0
90-91	27.8705316	30.0	30.0	30.0	30.0	30.0
92-93	27.8705316	30.0	30.0	30.0	30.0	30.0
94-95	27.8705316	30.0	30.0	30.0	30.0	30.0
96-97	27.8705316	30.0	30.0	30.0	30.0	30.0
98-99	27.8705316	30.0	30.0	30.0	30.0	30.0
100-101	27.8705316	30.0	30.0	30.0	30.0	30.0
>>END_MODULE
>>Per sequence quality scores	pass
#Quality	Count
3	197173.0
4	0.0
5	0.0
6	0.0
7	0.0
8	0.0
9	0.0
10	0.0
11	0.0
12	0.0
13	0.0
14	0.0
15	0.0
16	0.0
17	0.0
18	0.0
19	0.0
20	0.0
21	0.0
22	0.0
23	0.0
24	0.0
25	0.0
26	0.0
27	0.0
28	0.0
29	0.0
30	2302827.0
>>END_MODULE
>>Per base sequence content	pass
#Base	G	A	T	C
1	20.18597727345681	25.00577793470934	29.317120341540143	25.49112445029371
2	25.57602209360289	26.002258407317946	24.99086378870668	23.430855710372487
3	24.35176678742404	25.189726305537246	26.322197116720826	24.136309790317892
4	25.09606008136051	25.45520896354675	25.68171444010552	23.76701651498722
5	24.951979149358692	25.757437111348167	25.81454841135869	23.47603532793445
6	24.66909073983719	25.712375773606226	25.210013225135462	24.408520261421124
7	24.577192374461312	25.771249883678767	25.61630197954672	24.035255762313206
8	23.94786295474009	25.66628360097792	25.923318672547026	24.462534771734965
9	23.8741314717038	25.407264878772978	26.258649190362792	24.45995445916042
10-11	24.19852840415135	25.680898486852122	25.774174863210362	24.346398245786162
12-13	24.059214397502995	25.61693366938635	25.941116626619436	24.382735306491224
14-15	24.06391065379509	25.608876845247003	25.94748390819032	24.379728592767584
16-17	24.23640031227208	25.433429917357792	25.88565491608941	24.444514854280715
18-19	24.184493423047925	25.371113047483828	25.8356019563378	24.608791573130443
20-21	24.271297650895125	25.32243293833833	25.751822394755685	24.65444701601086
22-23	24.415606701530965	25.289131973602995	25.597373690759547	24.697887634106497
24-25	24.51034572615522	25.19414084619972	25.526346648225267	24.769166779419795
26-27	24.631264446588577	25.177817654620455	25.42006446422256	24.770853434568412
28-29	24.66571511713198	25.220151045461943	25.298511590546713	24.815622246859366
30-31	24.761035589599857	25.086007548343485	25.322742485975365	24.830214376081294
32-33	24.81847408421488	25.097666112544065	25.24192100466649	24.841938798574564
34-35	24.89642170972109	25.103498136833153	25.159385126886914	24.840695026558844
36-37	24.89281370317157	25.06923794866882	25.190528364862097	24.847419983297517
38-39	24.935718784869525	24.99419634748783	25.12801113339019	24.942073734252457
40-41	24.929878498854308	24.982710316365107	25.103156430318162	24.984254754462423
42-43	25.034072795738325	24.957172075290497	25.076053288147644	24.932701840823533
44-45	24.93481448882504	24.905207960786193	25.14769665825341	25.01228089213535
46-47	25.02248705076789	24.9388963907005	25.068574223712915	24.9700423348187
48-49	24.96896649866088	24.835907039695805	25.071739586954077	25.123386874689242
50-51	24.966880842234474	24.927649306979742	25.013292791405966	25.092177059379818
52-53	25.024320222448033	24.90495101348471	24.98704492996839	25.08368383409887
54-55	24.99237812679947	24.910168271290917	24.9793120584557	25.11814154345391
56-57	25.048785790382	24.875724459702766	24.964272601406293	25.111217148508945
58-59	25.081293728758027	24.918625961309885	24.89644034257005	25.103639967362046
60-61	25.035697707653803	24.876757794493283	24.88177927538424	25.205765222468678
62-63	25.037448024551445	24.833461707437156	24.95112681407066	25.177963453940738
64-65	25.19457420966588	24.85740996337214	24.832572411403024	25.115443415558946
66-67	25.128240147501273	24.87063511510482	24.856676320662633	25.144448416731276
68-69	25.097908894127475	24.79123076861293	24.849401824045106	25.261458513214485
70-71	25.19403127805096	24.824712890764687	24.803196272542223	25.178059558642126
72-73	25.180226787844713	24.819381360184504	24.815784360042432	25.18460749192835
74-75	25.21226050253033	24.812229162188277	24.843027075242937	25.132483260038452
76-77	25.200433112434734	24.770919226058798	24.81649413738172	25.212153524124748
78-79	25.20358119566712	24.81354640171694	24.80819905323788	25.174673349378057
80-81	25.2243176623457	24.80582580851822	24.765453653207807	25.204402875928267
82-83	25.286448704994154	24.800946181876064	24.776667025984743	25.135938087145043
84-85	25.25096702474338	24.853598790868972	24.74902290050803	25.146411283879615
86-87	25.26405067999788	24.777208025891323	24.756775142974767	25.20196615113603
88-89	25.33165659394283	24.74824233436609	24.667366449540598	25.252734622150484
90-91	25.254653660949778	24.773264074788916	24.672329173067	25.29975309119431
92-93	25.248809616145905	24.7352850222665	24.72327793486155	25.292627426726042
94-95	25.298613605952347	24.705426273806328	24.629162209534154	25.366797910707174
96-97	25.314869254204254	24.716987026703443	24.62638659476412	25.34175712432818
98-99	25.379689523431693	24.690845843836026	24.59626112156677	25.333203511165514
100-101	25.90812628475611	24.41566604197591	24.140233291841927	25.53597438142605
>>END_MODULE
>>Per sequence GC content	pass
#GC Content	Count
0	1155.0
1	759.0
2	325.5
3	245.5
4	161.5
5	131.5
6	163.5
7	165.5
8	161.5
9	187.5
10	237.5
11	291.0
12	355.5
13	454.0
14	531.5
15	641.5
16	838.5
17	1090.5
18	1405.5
19	1919.0
20	2719.0
21	3638.0
22	4852.5
23	6398.5
24	8197.5
25	10551.5
26	13366.5
27	15924.0
28	18307.0
29	21346.0
30	25033.0
31	28520.0
32	31517.5
33	34876.0
34	38340.0
35	40930.0
36	43394.5
37	46101.0
38	48551.0
39	51021.5
40	53503.0
41	56364.5
42	60092.0
43	62615.5
44	64217.0
45	66726.0
46	69649.0
47	71513.0
48	73590.5
49	76374.0
50	77895.5
51	77366.5
52	75594.0
53	74722.5
54	74156.5
55	73257.0
56	72460.0
57	71458.5
58	70357.0
59	69759.0
60	68394.5
61	65842.5
62	63138.5
63	60291.5
64	56321.0
65	51744.0
66	46752.5
67	40772.0
68	34925.5
69	29134.0
70	23262.0
71	17889.0
72	13391.5
73	9808.0
74	6952.0
75	4779.5
76	3284.5
77	2306.0
78	1582.0
79	1091.0
80	776.0
81	531.0
82	343.5
83	228.5
84	151.5
85	112.5
86	90.0
87	59.0
88	38.5
89	34.0
90	24.0
91	13.5
92	8.5
93	6.5
94	6.0
95	5.5
96	4.5
97	2.5
98	2.0
99	1.5
100	0.5
>>END_MODULE
>>Per base N content	pass
#Base	N-Count
1	0.3104
2	0.17744
3	0.11928
4	0.36444
5	0.33496
6	0.31104000000000004
7	0.27616
8	0.2782
9	0.25656
10-11	0.31773999999999997
12-13	0.30938
14-15	0.30332
16-17	0.26646000000000003
18-19	0.22582000000000002
20-21	0.21646
22-23	0.23414
24-25	0.2245
26-27	0.19269999999999998
28-29	0.20488
30-31	0.20062000000000002
32-33	0.19055999999999998
34-35	0.19144
36-37	0.20646000000000003
38-39	0.23524
40-41	0.28736
42-43	0.28702
44-45	0.29226
46-47	0.27594
48-49	0.28518
50-51	0.2843
52-53	0.30929999999999996
54-55	0.35258
56-57	0.37058
58-59	0.38592000000000004
60-61	0.42778
62-63	0.39528
64-65	0.39276
66-67	0.42119999999999996
68-69	0.3972
70-71	0.44904000000000005
72-73	0.47262
74-75	0.44780000000000003
76-77	0.51544
78-79	0.51144
80-81	0.47596
82-83	0.7379
84-85	0.7419399999999999
86-87	0.74822
88-89	0.71206
90-91	0.70828
92-93	0.7253
94-95	0.73962
96-97	0.7731
98-99	0.78736
100-101	0.84694
>>END_MODULE
>>Sequence Length Distribution	pass
#Length	Count
101	2500000.0
>>END_MODULE
>>Sequence Duplication Levels	pass
#Total Deduplicated Percentage	84.3568176110946
#Duplication Level	Percentage of total
1	72.31282229796894
2	19.11746945274031
3	5.672813063552476
4	1.7496835090620575
5	0.5497929848520602
6	0.16625304828524345
7	0.06450687530739072
8	0.02716149882169368
9	0.019366531739879237
>10	0.05189325706370227
>50	0.009030210408652515
>100	0.10538464455729371
>500	0.15382262564029103
>1k	0.0
>5k	0.0
>10k+	0.0
>>END_MODULE
>>Overrepresented sequences	pass
>>END_MODULE
>>Adapter Content	pass
#Position	Illumina Universal Adapter	Illumina Small RNA 3' Adapter	Illumina Small RNA 5' Adapter	Nextera Transposase Sequence	PolyA	PolyG
1	0.0	0.0	0.0	0.0	0.14428	4.4E-4
2	0.0	4.0E-5	0.0	1.2E-4	0.16676	0.001
3	0.0	4.0E-5	0.0	1.6E-4	0.19104	0.00116
4	0.0	4.0E-5	0.0	2.0E-4	0.21356	0.00148
5	0.0	4.0E-5	0.0	2.8E-4	0.23572	0.0018
6	0.0	4.0E-5	0.0	2.8E-4	0.25296	0.00196
7	0.0	8.0E-5	0.0	2.8E-4	0.27112	0.00244
8	0.0	1.2E-4	0.0	2.8E-4	0.28688	0.00256
9	0.0	1.2E-4	0.0	2.8E-4	0.304	0.00292
10-11	0.0	1.4000000000000001E-4	0.0	3.5999999999999997E-4	0.3274	0.00348
12-13	0.0	2.0E-4	0.0	4.4E-4	0.35572000000000004	0.00398
14-15	0.0	2.8E-4	0.0	4.8E-4	0.38154	0.00462
16-17	0.0	2.8E-4	0.0	5.399999999999999E-4	0.40312000000000003	0.00528
18-19	0.0	3.2E-4	0.0	6.4E-4	0.42342	0.00608
20-21	0.0	3.4E-4	0.0	6.8E-4	0.44352	0.00698
22-23	0.0	3.6E-4	0.0	6.8E-4	0.46418000000000004	0.00806
24-25	0.0	3.8E-4	0.0	8.0E-4	0.481	0.0092
26-27	0.0	4.2E-4	0.0	8.0E-4	0.4976	0.0105
28-29	0.0	4.4E-4	0.0	8.4E-4	0.51622	0.01206
30-31	0.0	4.8E-4	0.0	8.8E-4	0.53212	0.01388
32-33	1.2E-4	5.0E-4	0.0	9.2E-4	0.54662	0.01538
34-35	3.9999999999999996E-4	5.2E-4	0.0	9.6E-4	0.56134	0.017300000000000003
36-37	8.6E-4	5.2E-4	0.0	9.8E-4	0.57684	0.01942
38-39	0.0015	5.2E-4	0.0	0.001	0.59102	0.020880000000000003
40-41	0.0021	5.6E-4	0.0	0.00102	0.6052	0.022420000000000002
42-43	0.0028399999999999996	6.2E-4	0.0	0.00104	0.62024	0.02414
44-45	0.00332	6.4E-4	0.0	0.00104	0.63556	0.02534
46-47	0.00388	6.4E-4	0.0	0.0010999999999999998	0.6517200000000001	0.026959999999999998
48-49	0.004399999999999999	6.4E-4	0.0	0.00116	0.6659999999999999	0.02874
50-51	0.0052	6.4E-4	0.0	0.00122	0.67944	0.031059999999999997
52-53	0.0057599999999999995	6.4E-4	0.0	0.00128	0.69702	0.03378
54-55	0.0066	6.8E-4	0.0	0.0013800000000000002	0.71254	0.03624
56-57	0.0074800000000000005	7.4E-4	0.0	0.00146	0.72604	0.039580000000000004
58-59	0.00824	7.800000000000001E-4	0.0	0.0015999999999999999	0.7396199999999999	0.04238
60-61	0.0095	8.8E-4	0.0	0.0017000000000000001	0.75478	0.04576
62-63	0.01014	9.6E-4	0.0	0.00178	0.76922	0.04958
64-65	0.01134	9.6E-4	0.0	0.00182	0.78474	0.0533
66-67	0.01216	9.8E-4	0.0	0.00188	0.79886	0.05742
68-69	0.01312	0.0010400000000000001	0.0	0.0019	0.81292	0.061560000000000004
70-71	0.014280000000000001	0.00108	0.0	0.00196	0.82872	0.06609999999999999
72-73	0.015519999999999999	0.00112	0.0	0.00208	0.84274	0.07125999999999999
74-75	0.01682	0.00122	0.0	0.00212	0.8566	0.07626
76-77	0.01812	0.0013	0.0	0.0022	0.87266	0.08144000000000001
78-79	0.019299999999999998	0.00136	0.0	0.0022199999999999998	0.8894599999999999	0.08685999999999999
80-81	0.0208	0.00142	0.0	0.00224	0.90464	0.09278
82-83	0.022379999999999997	0.00152	0.0	0.00226	0.91964	0.09945999999999999
84-85	0.0241	0.0015400000000000001	0.0	0.00232	0.93614	0.10602
86-87	0.02584	0.00158	0.0	0.00232	0.95234	0.1129
88-89	0.02768	0.0016	0.0	0.00232	0.96562	0.11998
90	0.0288	0.0016	0.0	0.0024	0.97548	0.12676
>>END_MODULE
